30
Диагностика ДВС
1790
1
0
0
0
0
0
1
0
Прочистка форсунок
2390
1
0
0
0
0
0
0
1
Прочистка дроссельной заслонки
1590
1
0
0
0
0
0
0
1
Замена масла ДВС
890
1
0
0
0
0
1
0
0
Замена жидкости ГУР
1090
0
0
1
0
0
1
0
0
Замена жидкости вариатора
2790
0
0
0
0
1
1
0
0
Замена масла в АКПП
2790
0
0
0
0
1
1
0
0
Замена масла в МКПП
1090
0
0
0
0
1
1
0
0
Замена масла в заднем редукторе
1090
0
0
0
0
1
1
0
0
Замена масла в переднем редукторе
1090
0
0
0
0
1
1
0
0
Замена масла раздаточной коробки
1090
0
0
0
0
1
1
0
0
Замена тормозной жидкости
890
0
0
0
1
0
1
0
0
Диагностика тормозной системы
790
0
0
0
1
0
0
1
0
Замена тормозного суппорта
1090
0
0
0
1
0
0
0
1
Замена тормозных дисков
1890
0
0
0
1
0
0
0
1
Замена тормозных колодок
1290
0
0
0
1
0
0
0
1
Замена тормозных шлангов
1090
0
0
0
1
0
0
0
1
Проточка тормозных дисков
3190
0
0
0
1
0
0
0
1
Проверка углов установки колес
1090
0
1
0
0
0
0
1
0
Диагностика ходовой части
690
0
1
0
0
0
0
1
0
Замена ШРУСа приводного вала оси
1790
0
1
0
0
0
0
0
1
Замена амортизатора подвески
3780
0
1
0
0
0
0
0
1
Замена наконечника рулевой тяги
790
0
1
0
0
0
0
0
1
Замена подшипника ступицы
2190
0
1
0
0
0
0
0
1
Замена пружины/рессоры подвески
3780
0
1
0
0
0
0
0
1
Замена пыльника внешнего ШРУСа
2190
0
1
0
0
0
0
0
1
Замена пыльника внутреннего ШРУСа
2190
0
1
0
0
0
0
0
1
Замена пыльника/отбойника амортизатора
3780
0
1
0
0
0
0
0
1
Замена рулевой тяги
1190
0
1
0
0
0
0
0
1
Замена опоры стойки/амортизатора
3780
0
1
0
0
0
0
0
1
